shape=[1, 2, 4]
values=[-0.96346245764984062, -0.52342570330989036, 0.25909989279998924, -0.06527218672892596, -1.17399396001984813, -0.43157026518000929, 0.52176249582346856, 0.31758538905117123]
